StartChar: Aring
Encoding: 197 197 145
Width: 609
VWidth: 0
Flags: HMW
LayerCount: 4
Fore
Refer: 221 730 N 1 0 0 1 20 197.367 2
Refer: 32 65 N 1 0 0 1 0 0 3
Validated: 1
Layer: 3
Refer: 124 176 N 1.20273 0 0 1.14031 185.447 102.19 2
Refer: 32 65 N 1 0 0 1 0 0 3
EndChar
