StartChar: ccedilla
Encoding: 231 231 125
Width: 456
VWidth: 1023
UnlinkRmOvrlpSave: 1
Flags: HMW
LayerCount: 4
Fore
Refer: 579 807 N 1 0 0 1 278 0 2
Refer: 18 99 N 1 0 0 1 0 0 3
Layer: 3
Refer: 126 184 N 1 0 0 1 -9.27734 -4.94907 2
Refer: 18 99 N 1 0 0 1 0 0 3
EndChar
