StartChar: cdotaccent
Encoding: 267 267 235
Width: 456
VWidth: 0
Flags: HMW
LayerCount: 4
Fore
Refer: 573 775 N 1 0 0 1 260 0 2
Refer: 18 99 N 1 0 0 1 0 0 3
Layer: 3
Refer: 224 729 S 1 0 0 1 9.55811 -9.76562 2
Refer: 18 99 N 1 0 0 1 0 0 3
EndChar
