StartChar: edotaccent
Encoding: 279 279 246
Width: 511
VWidth: 0
Flags: HMW
LayerCount: 4
Fore
Refer: 573 775 N 1 0 0 1 265 0 2
Refer: 2 101 N 1 0 0 1 0 0 3
Validated: 1
Layer: 3
Refer: 224 729 S 1 0 0 1 6.20752 -9.76562 2
Refer: 2 101 N 1 0 0 1 0 0 3
EndChar
