StartChar: gdotaccent
Encoding: 289 289 254
Width: 555
VWidth: 0
Flags: HMW
LayerCount: 4
Fore
Refer: 573 775 N 1 0 0 1 279 3 2
Refer: 30 103 N 1 0 0 1 0 0 3
Layer: 3
Refer: 224 729 S 1 0 0 1 -1.39549 -9.76562 2
Refer: 30 103 N 1 0 0 1 0 0 3
EndChar
