StartChar: hungarumlaut
Encoding: 733 733 330
Width: 500
VWidth: 1023
Flags: HMW
LayerCount: 4
Fore
Refer: 581 779 N 1 0 0 1 212.5 0 2
Layer: 3
Refer: 148 180 N 0.996195 0.0871557 -0.0871557 0.996195 272.1 -21.3175 2
Refer: 148 180 N 0.996195 0.0871557 -0.0871557 0.996195 526.006 -21.3175 2
EndChar
