StartChar: hungarumlaut
Encoding: 733 733 330
Width: 806
VWidth: 1023
Flags: HMW
LayerCount: 4
Fore
Refer: 148 180 N 0.996195 0.0871557 -0.0871557 0.996195 60 -23 2
Refer: 148 180 N 0.996195 0.0871557 -0.0871557 0.996195 313 -23 2
Validated: 1
Layer: 3
Refer: 148 180 N 0.996195 0.0871557 -0.0871557 0.996195 59.6001 -21.3175 2
Refer: 148 180 N 0.996195 0.0871557 -0.0871557 0.996195 313.506 -21.3175 2
EndChar
